1245365
1257959
1257970
1257973
1257998
1257974
1249202
1249927
1250082
1257976
1257977
1257978
1257980
1257981
1257982
1257983
1257984
1258021
1247433
1247949
1248017
1248105
1248308
1248448
1248806
1248993
1250562
1257985
1257986
1257987
1257988
1257989
1257990
1257992
1257993
1257995
1257996
1257997
1258023
1258024
1258026
1258027
1258034
1258036
1258037
1258050
1258052
1247832
1250009
1254235
1257905
1258002
1258004
1258005
1258006
1258064
1258069
1258081
1258086
1258087
1258088
1258099
1258100
1247788
1248213
1250570
1254262
1257904
1258010
1258011
1258013
1258014
1258017
1258018
1258019
1258065
1258071
1258072
1258073
1258078
1258089
1258090
1258091
1258092
1258093
1258095
1258096
1258097
1258114
1258115
1258116
1258117
1258118
1258119
1258120
1258123
1258125
1258126
1245376
1245561
1246155
1246663
1246741
1249252
1250701
1258040
1258042
1258044
1258045
1258046
1258047
1258048
1258121
1258122
1258132
1258133
1258134
1258135
1258136
1258139
1258140
1258161
1258162
1258169
1258172
1258175
1258176
1258177
1258178
1258180
1258182
1258189
1258193
1245835
1245923
1250164
1258054
1258055
1258057
1258059
1258060
1258061
1258062
1258158
1258159
1258160
1258163
1258166
1258171
1258174
1258179
1258183
1258185
1258187
1258190
1258194
1258195
1258198
1258199
1258201
1258204
1247342
1249399
1258103
1258107
1258108
1258110
1258113
1258165
1258168
1258181
1258186
1258188
1258192
1258196
1258200
1258203
1258205
1258206
1258207
1258214
1258215
1258216
1258217
1258218
1258219
1258220
1258221
1258222
1258223
1258224
1258225
1258233
1258235
1245431
1246603
1258127
1258128
1258129
1258130
1258131
1258229
1258236
1258237
1258238
1258240
1258241
1258242
1258251
1245775
1246507
1250113
1250293
1258141
1258142
1258143
1258144
1258146
1258147
1258148
1258149
1258150
1258152
1258153
1258154
1258155
1258243
1258244
1258245
1258246
1258247
1258248
1258249
1258252
1258253
1258255
1258256
1258259
1258261
1258265
1258266
1258268
1258270
1258272
1258274
1246321
1247862
1250891
1258271
1258276
1258277
1258278
1258279
1258280
1258281
1258282
1258286
1258287
1258288
1258289
1258290
1258294
1258296
1246292
1247481
1248642
1258226
1258257
1258267
1258284
1258285
1258291
1258295
1258297
1258299
1258301
1258302
1258319
1258328
1258330
1258331
1258428
1250076
1258417
1258419
1258434
1258435
1258438
1258442
1258440
1258443
1258444
